<html>
<head><meta charset="utf-8" /></head>
<body>
    <div>                        <script type="text/javascript">window.PlotlyConfig = {MathJaxConfig: 'local'};</script>
        <script charset="utf-8" src="plotly_script.js"></script>                <div id="f310f672-3662-4735-89a0-97603ac6d334" class="plotly-graph-div" style="height:800px; width:800px;"></div>            <script type="text/javascript">                                    window.PLOTLYENV=window.PLOTLYENV || {};                                    if (document.getElementById("f310f672-3662-4735-89a0-97603ac6d334")) {                    Plotly.newPlot(                        "f310f672-3662-4735-89a0-97603ac6d334",                        [{"colorscale":[[0.0,"#440154"],[0.1111111111111111,"#482878"],[0.2222222222222222,"#3e4989"],[0.3333333333333333,"#31688e"],[0.4444444444444444,"#26828e"],[0.5555555555555556,"#1f9e89"],[0.6666666666666666,"#35b779"],[0.7777777777777778,"#6ece58"],[0.8888888888888888,"#b5de2b"],[1.0,"#fde725"]],"opacity":0.5,"showscale":true,"x":[-2.0,-1.9183673469387754,-1.836734693877551,-1.7551020408163265,-1.6734693877551021,-1.5918367346938775,-1.510204081632653,-1.4285714285714286,-1.3469387755102042,-1.2653061224489797,-1.183673469387755,-1.1020408163265307,-1.0204081632653061,-0.9387755102040818,-0.8571428571428572,-0.7755102040816328,-0.6938775510204083,-0.6122448979591837,-0.5306122448979593,-0.44897959183673475,-0.3673469387755104,-0.2857142857142858,-0.20408163265306145,-0.12244897959183687,-0.04081632653061229,0.04081632653061229,0.12244897959183643,0.204081632653061,0.2857142857142856,0.36734693877551017,0.4489795918367343,0.5306122448979589,0.6122448979591835,0.693877551020408,0.7755102040816326,0.8571428571428568,0.9387755102040813,1.020408163265306,1.1020408163265305,1.1836734693877546,1.2653061224489792,1.3469387755102038,1.4285714285714284,1.510204081632653,1.591836734693877,1.6734693877551017,1.7551020408163263,1.8367346938775508,1.9183673469387754,2.0],"y":[-2.0,-1.9183673469387754,-1.836734693877551,-1.7551020408163265,-1.6734693877551021,-1.5918367346938775,-1.510204081632653,-1.4285714285714286,-1.3469387755102042,-1.2653061224489797,-1.183673469387755,-1.1020408163265307,-1.0204081632653061,-0.9387755102040818,-0.8571428571428572,-0.7755102040816328,-0.6938775510204083,-0.6122448979591837,-0.5306122448979593,-0.44897959183673475,-0.3673469387755104,-0.2857142857142858,-0.20408163265306145,-0.12244897959183687,-0.04081632653061229,0.04081632653061229,0.12244897959183643,0.204081632653061,0.2857142857142856,0.36734693877551017,0.4489795918367343,0.5306122448979589,0.6122448979591835,0.693877551020408,0.7755102040816326,0.8571428571428568,0.9387755102040813,1.020408163265306,1.1020408163265305,1.1836734693877546,1.2653061224489792,1.3469387755102038,1.4285714285714284,1.510204081632653,1.591836734693877,1.6734693877551017,1.7551020408163263,1.8367346938775508,1.9183673469387754,2.0],"z":[[0.9893582466233818,0.984926396409193,0.8868160099782565,0.7154010119220616,0.49454780710392404,0.24813917885825537,-0.0024689364913604776,-0.24000303813937363,-0.45194207684649407,-0.6304910797703401,-0.7720767370305629,-0.8765714369841497,-0.9464163569770189,-0.9857685097619449,-0.999751256094139,-0.9938488238425843,-0.9734555742968075,-0.9435704797703992,-0.9086154137753331,-0.8723506035029173,-0.8378600063524952,-0.8075816909683364,-0.7833621282914887,-0.7665176310574442,-0.7578903968698971,-0.7578903968698971,-0.7665176310574442,-0.7833621282914881,-0.8075816909683364,-0.8378600063524952,-0.8723506035029173,-0.9086154137753326,-0.943570479770399,-0.9734555742968075,-0.9938488238425842,-0.999751256094139,-0.985768509761945,-0.9464163569770189,-0.8765714369841497,-0.7720767370305635,-0.6304910797703408,-0.4519420768464956,-0.24000303813937363,-0.0024689364913604776,0.24813917885825365,0.49454780710392254,0.7154010119220616,0.886816009978256,0.984926396409193,0.9893582466233818],[0.984926396409193,0.880578361686191,0.6965244637325188,0.45941027231803844,0.19616732365806724,-0.06905284397882318,-0.3167827929056156,-0.5330790794763272,-0.7095137592594205,-0.842578152904555,-0.9327508142712315,-0.9834405142710795,-0.9999597059551182,-0.988627726569154,-0.9560541787902593,-0.9086154137753331,-0.8521115180260022,-0.7915763992989111,-0.7312072121081102,-0.6743789582704987,-0.6237133581719855,-0.5811761784527981,-0.5481828021098593,-0.5256971009078468,-0.5143131804821187,-0.5143131804821187,-0.5256971009078468,-0.5481828021098593,-0.5811761784527981,-0.6237133581719855,-0.6743789582704984,-0.7312072121081099,-0.7915763992989107,-0.8521115180260022,-0.9086154137753326,-0.9560541787902591,-0.9886277265691539,-0.9999597059551182,-0.9834405142710795,-0.9327508142712319,-0.8425781529045555,-0.7095137592594217,-0.5330790794763272,-0.3167827929056156,-0.06905284397882495,0.1961673236580655,0.45941027231803844,0.6965244637325181,0.880578361686191,0.984926396409193],[0.8868160099782565,0.6965244637325188,0.447531764323235,0.16996307830949978,-0.1088749281789599,-0.3668742876095422,-0.5882350335667696,-0.7635382219427967,-0.8890870946472804,-0.9658207825314212,-0.998060714867054,-0.992284611664129,-0.9560541787902593,-0.8971616927809255,-0.8230132145661352,-0.7402336192341903,-0.6544596467667669,-0.5702790321378932,-0.4912733100854915,-0.4201261743885527,-0.3587659140786016,-0.30851771354110935,-0.2702483737577809,-0.24449168629212217,-0.23154705423645403,-0.23154705423645403,-0.24449168629212217,-0.2702483737577809,-0.30851771354110935,-0.3587659140786016,-0.4201261743885523,-0.49127331008549113,-0.5702790321378928,-0.6544596467667666,-0.74023361923419,-0.8230132145661346,-0.8971616927809252,-0.9560541787902593,-0.992284611664129,-0.998060714867054,-0.9658207825314215,-0.8890870946472812,-0.7635382219427967,-0.5882350335667696,-0.3668742876095439,-0.10887492817896166,0.16996307830949978,0.4475317643232342,0.6965244637325188,0.8868160099782565],[0.7154010119220616,0.45941027231803844,0.16996307830949978,-0.12211341891037825,-0.3915379055050622,-0.6200904136925989,-0.7968634871955109,-0.9175943117984572,-0.9834405142710795,-0.9995193455711463,-0.9734555742968074,-0.9141006837011793,-0.8305103710306992,-0.7312072121081102,-0.6237133581719855,-0.5143131804821187,-0.4079947162500631,-0.3085177135411085,-0.21856129315068887,-0.13991264756078217,-0.07366749923729116,-0.02042175340732645,0.0195589198625737,0.0461992770877583,0.05950832908836405,0.05950832908836405,0.0461992770877583,0.0195589198625737,-0.02042175340732645,-0.07366749923729116,-0.13991264756078176,-0.21856129315068845,-0.3085177135411085,-0.40799471625006273,-0.5143131804821183,-0.6237133581719848,-0.7312072121081097,-0.8305103710306987,-0.9141006837011789,-0.9734555742968072,-0.9995193455711462,-0.9834405142710797,-0.9175943117984575,-0.7968634871955109,-0.6200904136926002,-0.3915379055050638,-0.12211341891037912,0.16996307830949978,0.45941027231803844,0.7154010119220616],[0.49454780710392404,0.19616732365806724,-0.1088749281789599,-0.3915379055050622,-0.6304910797703394,-0.8126827109826349,-0.9327508142712315,-0.991700402586454,-0.9952365015437514,-0.9520618113582193,-0.8723506035029177,-0.7665176310574447,-0.6443247265746087,-0.5143131804821195,-0.3835165549755158,-0.25739289000033444,-0.13991264756078306,-0.03374454583616966,0.05950832908836317,0.13905807819775218,0.20469205289038916,0.25655886563412417,0.29498856303975524,0.3203501644415626,0.3329467346396894,0.3329467346396894,0.3203501644415626,0.29498856303975524,0.25655886563412417,0.20469205289038916,0.1390580781977526,0.059508329088363614,-0.03374454583616922,-0.13991264756078262,-0.257392890000334,-0.3835165549755154,-0.5143131804821187,-0.6443247265746084,-0.7665176310574447,-0.8723506035029173,-0.9520618113582191,-0.9952365015437512,-0.991700402586454,-0.9327508142712315,-0.8126827109826359,-0.6304910797703408,-0.3915379055050622,-0.10887492817896079,0.19616732365806724,0.49454780710392404],[0.24813917885825537,-0.06905284397882318,-0.3668742876095422,-0.6200904136925989,-0.8126827109826349,-0.9374727854624635,-0.9947748189663418,-0.9905441428548473,-0.9344087632287396,-0.8378600063524952,-0.7127663776269849,-0.5702790321378932,-0.4201261743885523,-0.2702483737577809,-0.12670392605057967,0.006232346687200193,0.12584782827798563,0.23070741539766962,0.32035016444156306,0.3949981063453201,0.4552960419777703,0.5020917511680196,0.5362594200628658,0.558564967264178,0.5695699026569886,0.5695699026569886,0.558564967264178,0.5362594200628658,0.5020917511680196,0.4552960419777703,0.3949981063453205,0.32035016444156345,0.23070741539766962,0.12584782827798607,0.006232346687200637,-0.12670392605057879,-0.27024837375778,-0.42012617438855193,-0.5702790321378924,-0.7127663776269842,-0.8378600063524948,-0.9344087632287392,-0.9905441428548473,-0.9947748189663418,-0.9374727854624638,-0.8126827109826359,-0.6200904136925989,-0.3668742876095439,-0.06905284397882318,0.24813917885825537],[-0.0024689364913604776,-0.3167827929056156,-0.5882350335667696,-0.7968634871955109,-0.9327508142712315,-0.9947748189663418,-0.9886277265691539,-0.9245831709204739,-0.8153698686569094,-0.6743789582704984,-0.5143131804821187,-0.3462939017867976,-0.17938033601132625,-0.020421753407326895,0.12584782827798607,0.2565588656341246,0.3703727060224787,0.46712151143766845,0.5474608156000776,0.6125586576434222,0.6638331389176187,0.7027415060783531,0.7306182356534977,0.7485565854467212,0.7573271051981605,0.7573271051981605,0.7485565854467212,0.7306182356534977,0.7027415060783531,0.6638331389176187,0.6125586576434225,0.547460815600078,0.46712151143766883,0.37037270602247907,0.25655886563412506,0.12584782827798652,-0.020421753407326007,-0.17938033601132583,-0.34629390178679714,-0.5143131804821176,-0.6743789582704978,-0.815369868656909,-0.9245831709204736,-0.9886277265691539,-0.9947748189663419,-0.9327508142712322,-0.7968634871955115,-0.5882350335667703,-0.3167827929056156,-0.0024689364913604776],[-0.24000303813937363,-0.5330790794763272,-0.7635382219427967,-0.9175943117984572,-0.991700402586454,-0.9905441428548473,-0.9245831709204739,-0.8075816909683364,-0.6544596467667669,-0.4796214526197897,-0.29581305601826263,-0.11347269849034307,0.059508329088363614,0.217719070546806,0.357960226967109,0.47886400746149277,0.5804736670038284,0.6638331389176187,0.7306182356534974,0.7828254217987533,0.8225227015434264,0.8516595377085702,0.8719283716365093,0.8846685375695611,0.8908034677065826,0.8908034677065826,0.8846685375695611,0.8719283716365093,0.8516595377085702,0.8225227015434264,0.7828254217987536,0.7306182356534977,0.6638331389176187,0.5804736670038287,0.47886400746149316,0.35796022696710983,0.2177190705468069,0.05950832908836405,-0.1134726984903422,-0.29581305601826174,-0.47962145261978856,-0.6544596467667663,-0.8075816909683359,-0.9245831709204739,-0.990544142854847,-0.9917004025864542,-0.9175943117984575,-0.7635382219427967,-0.5330790794763272,-0.24000303813937363],[-0.45194207684649407,-0.7095137592594205,-0.8890870946472804,-0.9834405142710795,-0.9952365015437514,-0.9344087632287396,-0.8153698686569094,-0.6544596467667669,-0.4678844013898022,-0.27024837375778127,-0.0736674992372916,0.11261522437434224,0.2822280367436011,0.4314045992100192,0.5585649672641774,0.6638331389176181,0.7485565854467205,0.814869936038363,0.8653253988391154,0.9025975738661572,0.9292600552529513,0.9476250537236274,0.9596343615361821,0.9667894667257281,0.9701097374537676,0.9701097374537676,0.9667894667257281,0.9596343615361821,0.9476250537236275,0.9292600552529514,0.9025975738661575,0.8653253988391156,0.814869936038363,0.7485565854467209,0.6638331389176184,0.558564967264178,0.43140459921002,0.28222803674360153,0.11261522437434311,-0.07366749923729071,-0.27024837375778,-0.4678844013898014,-0.6544596467667666,-0.8153698686569094,-0.9344087632287392,-0.9952365015437512,-0.9834405142710795,-0.8890870946472812,-0.7095137592594205,-0.45194207684649407],[-0.6304910797703401,-0.842578152904555,-0.9658207825314212,-0.9995193455711463,-0.9520618113582193,-0.8378600063524952,-0.6743789582704984,-0.4796214526197897,-0.27024837375778127,-0.060369783432926635,0.1390580781977526,0.3203501644415626,0.47886400746149277,0.6125586576434219,0.7214535919486371,0.807072427555529,0.8719283716365093,0.9190838489795687,0.9517974583771641,0.9732576904094207,0.9863941946411329,0.9937528799183278,0.9974197145379103,0.9989787890338088,0.999492219093747,0.999492219093747,0.9989787890338088,0.9974197145379103,0.9937528799183278,0.986394194641133,0.9732576904094208,0.9517974583771642,0.9190838489795687,0.8719283716365093,0.8070724275555293,0.7214535919486378,0.6125586576434225,0.47886400746149355,0.32035016444156306,0.13905807819775348,-0.06036978343292531,-0.27024837375778,-0.47962145261978895,-0.6743789582704984,-0.8378600063524942,-0.9520618113582188,-0.9995193455711463,-0.9658207825314215,-0.842578152904555,-0.6304910797703401],[-0.7720767370305629,-0.9327508142712315,-0.998060714867054,-0.9734555742968074,-0.8723506035029177,-0.7127663776269849,-0.5143131804821187,-0.29581305601826263,-0.0736674992372916,0.1390580781977526,0.3329467346396898,0.5020917511680193,0.6436645011201374,0.7573271051981602,0.8445990768026019,0.9082546549359213,0.9517974583771641,0.9790344370642665,0.9937528799183278,0.999492219093747,0.9993955958749876,0.9961233943464871,0.991810990181653,0.9880547659260914,0.9859132212439431,0.9859132212439431,0.9880547659260914,0.991810990181653,0.9961233943464871,0.9993955958749875,0.999492219093747,0.9937528799183278,0.9790344370642666,0.9517974583771642,0.9082546549359213,0.8445990768026024,0.7573271051981608,0.6436645011201374,0.5020917511680201,0.33294673463969104,0.13905807819775348,-0.07366749923729071,-0.29581305601826263,-0.5143131804821187,-0.7127663776269842,-0.8723506035029169,-0.9734555742968074,-0.998060714867054,-0.9327508142712315,-0.7720767370305629],[-0.8765714369841497,-0.9834405142710795,-0.992284611664129,-0.9141006837011793,-0.7665176310574447,-0.5702790321378932,-0.3462939017867976,-0.11347269849034307,0.11261522437434224,0.3203501644415626,0.5020917511680193,0.6538068869271748,0.7744630452777858,0.8653253988391154,0.9292600552529513,0.9701097374537676,0.9921772459465082,0.9998281122565049,0.9972072944713934,0.9880547659260915,0.9756000636460462,0.9625148335859869,0.9509038115332237,0.9423174527757875,0.9377728129727169,0.9377728129727169,0.9423174527757874,0.9509038115332236,0.9625148335859868,0.9756000636460462,0.9880547659260914,0.9972072944713934,0.9998281122565049,0.9921772459465082,0.9701097374537676,0.9292600552529516,0.8653253988391159,0.7744630452777863,0.6538068869271751,0.5020917511680201,0.3203501644415639,0.11261522437434356,-0.1134726984903422,-0.3462939017867976,-0.5702790321378917,-0.7665176310574436,-0.9141006837011789,-0.9922846116641288,-0.9834405142710795,-0.8765714369841497],[-0.9464163569770189,-0.9999597059551182,-0.9560541787902593,-0.8305103710306992,-0.6443247265746087,-0.4201261743885523,-0.17938033601132625,0.059508329088363614,0.2822280367436011,0.47886400746149277,0.6436645011201374,0.7744630452777858,0.8719283716365093,0.9387760437973974,0.9790344370642665,0.9974197145379103,0.9988435405564613,0.9880547659260914,0.9694018173762345,0.9466947114692018,0.9231428272086348,0.901345181302201,0.88331257270344,0.870504552627051,0.8638680291190164,0.8638680291190164,0.8705045526270508,0.8833125727034399,0.9013451813022009,0.9231428272086348,0.9466947114692016,0.9694018173762344,0.9880547659260914,0.9988435405564613,0.9974197145379103,0.9790344370642666,0.9387760437973978,0.8719283716365094,0.7744630452777863,0.6436645011201381,0.47886400746149393,0.2822280367436019,0.05950832908836405,-0.17938033601132625,-0.4201261743885511,-0.6443247265746074,-0.8305103710306987,-0.9560541787902593,-0.9999597059551182,-0.9464163569770189],[-0.9857685097619449,-0.988627726569154,-0.8971616927809255,-0.7312072121081102,-0.5143131804821195,-0.2702483737577809,-0.020421753407326895,0.217719070546806,0.4314045992100192,0.6125586576434219,0.7573271051981602,0.8653253988391154,0.9387760437973974,0.981662204656745,0.9989787890338088,0.9961233943464872,0.9784395148488492,0.9509038115332236,0.9179370306103475,0.8833125727034401,0.8501358490857622,0.8208696691004621,0.7973845835898032,0.781017356451449,0.7726249150771693,0.7726249150771693,0.781017356451449,0.7973845835898031,0.820869669100462,0.8501358490857621,0.8833125727034399,0.9179370306103473,0.9509038115332236,0.9784395148488492,0.9961233943464871,0.9989787890338088,0.9816622046567451,0.9387760437973975,0.8653253988391156,0.7573271051981608,0.6125586576434225,0.4314045992100204,0.21771907054680645,-0.020421753407326895,-0.2702483737577796,-0.5143131804821179,-0.7312072121081099,-0.8971616927809252,-0.988627726569154,-0.9857685097619449],[-0.999751256094139,-0.9560541787902593,-0.8230132145661352,-0.6237133581719855,-0.3835165549755158,-0.12670392605057967,0.12584782827798607,0.357960226967109,0.5585649672641774,0.7214535919486371,0.8445990768026019,0.9292600552529513,0.9790344370642665,0.9989787890338088,0.9948625557189466,0.9725873194401764,0.9377728129727169,0.8954930196721776,0.8501358490857621,0.8053564620909035,0.7640952345853792,0.7286347834693505,0.7006750472879264,0.6814101692324125,0.6715953139011882,0.6715953139011882,0.6814101692324124,0.7006750472879264,0.7286347834693504,0.7640952345853791,0.8053564620909033,0.8501358490857619,0.8954930196721775,0.9377728129727168,0.9725873194401764,0.9948625557189464,0.9989787890338088,0.9790344370642666,0.9292600552529515,0.8445990768026024,0.721453591948638,0.5585649672641785,0.35796022696710983,0.12584782827798607,-0.1267039260505779,-0.3835165549755141,-0.6237133581719848,-0.8230132145661346,-0.9560541787902593,-0.999751256094139],[-0.9938488238425843,-0.9086154137753331,-0.7402336192341903,-0.5143131804821187,-0.25739289000033444,0.006232346687200193,0.2565588656341246,0.47886400746149277,0.6638331389176181,0.807072427555529,0.9082546549359213,0.9701097374537676,0.9974197145379103,0.9961233943464872,0.9725873194401764,0.9330615993111463,0.8833125727034402,0.8284082420430586,0.7726249150771695,0.7194421119640446,0.6715953139011884,0.6311607071489401,0.5996513675578515,0.5781094596034346,0.5671835125202274,0.5671835125202274,0.5781094596034345,0.5996513675578514,0.6311607071489399,0.6715953139011883,0.7194421119640444,0.7726249150771691,0.8284082420430585,0.88331257270344,0.9330615993111461,0.9725873194401763,0.9961233943464871,0.9974197145379103,0.9701097374537677,0.9082546549359216,0.8070724275555298,0.6638331389176187,0.47886400746149316,0.2565588656341246,0.0062323466872015254,-0.2573928900003327,-0.5143131804821183,-0.7402336192341897,-0.9086154137753331,-0.9938488238425843],[-0.9734555742968075,-0.8521115180260022,-0.6544596467667669,-0.4079947162500631,-0.13991264756078306,0.12584782827798563,0.3703727060224787,0.5804736670038284,0.7485565854467205,0.8719283716365093,0.9517974583771641,0.9921772459465082,0.9988435405564613,0.9784395148488492,0.9377728129727169,0.8833125727034402,0.820869669100462,0.755429830078427,0.6911039876562536,0.6311607071489399,0.5781094596034345,0.5338090404261205,0.4995812988517279,0.4763157303848593,0.4645549992857143,0.4645549992857143,0.47631573038485925,0.4995812988517278,0.5338090404261204,0.5781094596034345,0.6311607071489396,0.6911039876562532,0.7554298300784268,0.8208696691004619,0.88331257270344,0.9377728129727165,0.9784395148488491,0.9988435405564613,0.9921772459465082,0.9517974583771645,0.8719283716365096,0.7485565854467214,0.5804736670038287,0.3703727060224787,0.12584782827798696,-0.1399126475607813,-0.40799471625006273,-0.6544596467667663,-0.8521115180260022,-0.9734555742968075],[-0.9435704797703992,-0.7915763992989111,-0.5702790321378932,-0.3085177135411085,-0.03374454583616966,0.23070741539766962,0.46712151143766845,0.6638331389176187,0.814869936038363,0.9190838489795687,0.9790344370642665,0.9998281122565049,0.9880547659260914,0.9509038115332236,0.8954930196721776,0.8284082420430586,0.755429830078427,0.6814101692324123,0.6102635020025771,0.5450313355181697,0.48799185490554847,0.4407880881073086,0.40455586611234573,0.380038174984069,0.36767697995944953,0.36767697995944953,0.38003817498406894,0.40455586611234556,0.44078808810730846,0.48799185490554836,0.5450313355181694,0.6102635020025767,0.6814101692324122,0.7554298300784268,0.8284082420430585,0.8954930196721773,0.9509038115332233,0.9880547659260914,0.9998281122565049,0.9790344370642667,0.9190838489795692,0.8148699360383634,0.6638331389176187,0.46712151143766845,0.23070741539767048,-0.033744545836167886,-0.3085177135411085,-0.5702790321378924,-0.7915763992989111,-0.9435704797703992],[-0.9086154137753331,-0.7312072121081102,-0.4912733100854915,-0.21856129315068887,0.05950832908836317,0.32035016444156306,0.5474608156000776,0.7306182356534974,0.8653253988391154,0.9517974583771641,0.9937528799183278,0.9972072944713934,0.9694018173762345,0.9179370306103475,0.8501358490857621,0.7726249150771695,0.6911039876562536,0.6102635020025771,0.5338090404261207,0.46455499928571437,0.40455586611234595,0.35525047554178085,0.3176012344181714,0.29221595150639373,0.27944432216180276,0.27944432216180276,0.2922159515063937,0.31760123441817123,0.35525047554178074,0.40455586611234584,0.464554999285714,0.5338090404261202,0.6102635020025768,0.6911039876562534,0.7726249150771692,0.8501358490857618,0.9179370306103471,0.9694018173762344,0.9972072944713934,0.993752879918328,0.9517974583771645,0.8653253988391159,0.7306182356534977,0.5474608156000776,0.3203501644415643,0.05950832908836494,-0.21856129315068845,-0.49127331008549074,-0.7312072121081102,-0.9086154137753331],[-0.8723506035029173,-0.6743789582704987,-0.4201261743885527,-0.13991264756078217,0.13905807819775218,0.3949981063453201,0.6125586576434222,0.7828254217987533,0.9025975738661572,0.9732576904094207,0.999492219093747,0.9880547659260915,0.9466947114692018,0.8833125727034401,0.8053564620909035,0.7194421119640446,0.6311607071489399,0.5450313355181697,0.46455499928571437,0.392331864932503,0.33021037887135385,0.2794443221618027,0.24084073086202662,0.2148872940328233,0.20185216660433594,0.20185216660433594,0.2148872940328232,0.24084073086202645,0.2794443221618026,0.3302103788713537,0.39233186493250266,0.464554999285714,0.5450313355181695,0.6311607071489397,0.7194421119640444,0.805356462090903,0.8833125727034398,0.9466947114692016,0.9880547659260914,0.999492219093747,0.9732576904094209,0.9025975738661579,0.7828254217987536,0.6125586576434222,0.39499810634532134,0.13905807819775393,-0.13991264756078176,-0.42012617438855193,-0.6743789582704987,-0.8723506035029173],[-0.8378600063524952,-0.6237133581719855,-0.3587659140786016,-0.07366749923729116,0.20469205289038916,0.4552960419777703,0.6638331389176187,0.8225227015434264,0.9292600552529513,0.9863941946411329,0.9993955958749876,0.9756000636460462,0.9231428272086348,0.8501358490857622,0.7640952345853792,0.6715953139011884,0.5781094596034345,0.48799185490554847,0.40455586611234595,0.33021037887135385,0.26662305593465946,0.21488729403282342,0.17567667026726244,0.14937635972816274,0.13618523533181623,0.13618523533181623,0.14937635972816263,0.17567667026726225,0.21488729403282328,0.2666230559346593,0.33021037887135346,0.4045558661123455,0.4879918549055483,0.5781094596034343,0.6715953139011881,0.7640952345853786,0.8501358490857618,0.9231428272086347,0.9756000636460461,0.9993955958749875,0.9863941946411331,0.9292600552529517,0.8225227015434267,0.6638331389176187,0.4552960419777715,0.20469205289039089,-0.07366749923729071,-0.35876591407860076,-0.6237133581719855,-0.8378600063524952],[-0.8075816909683364,-0.5811761784527981,-0.30851771354110935,-0.02042175340732645,0.25655886563412417,0.5020917511680196,0.7027415060783531,0.8516595377085702,0.9476250537236274,0.9937528799183278,0.9961233943464871,0.9625148335859869,0.901345181302201,0.8208696691004621,0.7286347834693505,0.6311607071489401,0.5338090404261205,0.4407880881073086,0.35525047554178085,0.2794443221618027,0.21488729403282342,0.1625409508359936,0.12296992074803186,0.09647611448966184,0.0832023288328598,0.0832023288328598,0.09647611448966173,0.12296992074803169,0.1625409508359935,0.21488729403282325,0.2794443221618023,0.3552504755417804,0.44078808810730835,0.5338090404261202,0.6311607071489398,0.7286347834693501,0.8208696691004616,0.9013451813022008,0.9625148335859867,0.996123394346487,0.993752879918328,0.9476250537236277,0.8516595377085704,0.7027415060783531,0.5020917511680209,0.2565588656341259,-0.020421753407326007,-0.3085177135411085,-0.5811761784527981,-0.8075816909683364],[-0.7833621282914887,-0.5481828021098593,-0.2702483737577809,0.0195589198625737,0.29498856303975524,0.5362594200628658,0.7306182356534977,0.8719283716365093,0.9596343615361821,0.9974197145379103,0.991810990181653,0.9509038115332237,0.88331257270344,0.7973845835898032,0.7006750472879264,0.5996513675578515,0.4995812988517279,0.40455586611234573,0.3176012344181714,0.24084073086202662,0.17567667026726244,0.12296992074803186,0.08320232883285993,0.05661278096500057,0.04330174177803058,0.04330174177803058,0.056612780965000456,0.08320232883285976,0.12296992074803174,0.17567667026726227,0.24084073086202623,0.31760123441817095,0.40455586611234545,0.4995812988517276,0.5996513675578513,0.7006750472879258,0.7973845835898027,0.8833125727034398,0.9509038115332235,0.9918109901816529,0.9974197145379105,0.9596343615361824,0.8719283716365094,0.7306182356534977,0.5362594200628669,0.29498856303975696,0.019558919862574145,-0.27024837375778,-0.5481828021098593,-0.7833621282914887],[-0.7665176310574442,-0.5256971009078468,-0.24449168629212217,0.0461992770877583,0.3203501644415626,0.558564967264178,0.7485565854467212,0.8846685375695611,0.9667894667257281,0.9989787890338088,0.9880547659260914,0.9423174527757875,0.870504552627051,0.781017356451449,0.6814101692324125,0.5781094596034346,0.4763157303848593,0.380038174984069,0.29221595150639373,0.2148872940328233,0.14937635972816274,0.09647611448966184,0.05661278096500057,0.029983011028554243,0.016658954483994716,0.016658954483994716,0.029983011028554135,0.05661278096500039,0.09647611448966172,0.14937635972816257,0.21488729403282292,0.29221595150639323,0.3800381749840687,0.476315730384859,0.5781094596034344,0.6814101692324119,0.7810173564514484,0.8705045526270507,0.9423174527757873,0.9880547659260913,0.9989787890338088,0.9667894667257283,0.8846685375695613,0.7485565854467212,0.5585649672641791,0.3203501644415643,0.04619927708775874,-0.2444916862921213,-0.5256971009078468,-0.7665176310574442],[-0.7578903968698971,-0.5143131804821187,-0.23154705423645403,0.05950832908836405,0.3329467346396894,0.5695699026569886,0.7573271051981605,0.8908034677065826,0.9701097374537676,0.999492219093747,0.9859132212439431,0.9377728129727169,0.8638680291190164,0.7726249150771693,0.6715953139011882,0.5671835125202274,0.4645549992857143,0.36767697995944953,0.27944432216180276,0.20185216660433594,0.13618523533181623,0.0832023288328598,0.04330174177803058,0.016658954483994716,0.0033319388577806694,0.0033319388577806694,0.01665895448399461,0.0433017417780304,0.08320232883285968,0.13618523533181606,0.20185216660433553,0.2794443221618023,0.3676769799594493,0.464554999285714,0.567183512520227,0.6715953139011877,0.7726249150771688,0.8638680291190162,0.9377728129727166,0.985913221243943,0.999492219093747,0.9701097374537679,0.8908034677065828,0.7573271051981605,0.5695699026569897,0.33294673463969104,0.059508329088364495,-0.23154705423645316,-0.5143131804821187,-0.7578903968698971],[-0.7578903968698971,-0.5143131804821187,-0.23154705423645403,0.05950832908836405,0.3329467346396894,0.5695699026569886,0.7573271051981605,0.8908034677065826,0.9701097374537676,0.999492219093747,0.9859132212439431,0.9377728129727169,0.8638680291190164,0.7726249150771693,0.6715953139011882,0.5671835125202274,0.4645549992857143,0.36767697995944953,0.27944432216180276,0.20185216660433594,0.13618523533181623,0.0832023288328598,0.04330174177803058,0.016658954483994716,0.0033319388577806694,0.0033319388577806694,0.01665895448399461,0.0433017417780304,0.08320232883285968,0.13618523533181606,0.20185216660433553,0.2794443221618023,0.3676769799594493,0.464554999285714,0.567183512520227,0.6715953139011877,0.7726249150771688,0.8638680291190162,0.9377728129727166,0.985913221243943,0.999492219093747,0.9701097374537679,0.8908034677065828,0.7573271051981605,0.5695699026569897,0.33294673463969104,0.059508329088364495,-0.23154705423645316,-0.5143131804821187,-0.7578903968698971],[-0.7665176310574442,-0.5256971009078468,-0.24449168629212217,0.0461992770877583,0.3203501644415626,0.558564967264178,0.7485565854467212,0.8846685375695611,0.9667894667257281,0.9989787890338088,0.9880547659260914,0.9423174527757874,0.8705045526270508,0.781017356451449,0.6814101692324124,0.5781094596034345,0.47631573038485925,0.38003817498406894,0.2922159515063937,0.2148872940328232,0.14937635972816263,0.09647611448966173,0.056612780965000456,0.029983011028554135,0.01665895448399461,0.01665895448399461,0.029983011028554028,0.056612780965000276,0.0964761144896616,0.14937635972816246,0.2148872940328228,0.2922159515063932,0.38003817498406867,0.47631573038485897,0.5781094596034343,0.6814101692324118,0.7810173564514483,0.8705045526270506,0.9423174527757872,0.9880547659260913,0.9989787890338088,0.9667894667257284,0.8846685375695613,0.7485565854467212,0.5585649672641791,0.3203501644415643,0.04619927708775874,-0.2444916862921213,-0.5256971009078468,-0.7665176310574442],[-0.7833621282914881,-0.5481828021098593,-0.2702483737577809,0.0195589198625737,0.29498856303975524,0.5362594200628658,0.7306182356534977,0.8719283716365093,0.9596343615361821,0.9974197145379103,0.991810990181653,0.9509038115332236,0.8833125727034399,0.7973845835898031,0.7006750472879264,0.5996513675578514,0.4995812988517278,0.40455586611234556,0.31760123441817123,0.24084073086202645,0.17567667026726225,0.12296992074803169,0.08320232883285976,0.05661278096500039,0.0433017417780304,0.0433017417780304,0.056612780965000276,0.08320232883285958,0.12296992074803155,0.17567667026726208,0.24084073086202604,0.3176012344181708,0.40455586611234534,0.49958129885172753,0.5996513675578512,0.7006750472879258,0.7973845835898026,0.8833125727034398,0.9509038115332233,0.9918109901816529,0.9974197145379105,0.9596343615361824,0.8719283716365094,0.7306182356534977,0.5362594200628669,0.29498856303975696,0.019558919862574145,-0.27024837375778,-0.5481828021098593,-0.7833621282914881],[-0.8075816909683364,-0.5811761784527981,-0.30851771354110935,-0.02042175340732645,0.25655886563412417,0.5020917511680196,0.7027415060783531,0.8516595377085702,0.9476250537236275,0.9937528799183278,0.9961233943464871,0.9625148335859868,0.9013451813022009,0.820869669100462,0.7286347834693504,0.6311607071489399,0.5338090404261204,0.44078808810730846,0.35525047554178074,0.2794443221618026,0.21488729403282328,0.1625409508359935,0.12296992074803174,0.09647611448966172,0.08320232883285968,0.08320232883285968,0.0964761144896616,0.12296992074803155,0.16254095083599338,0.21488729403282314,0.2794443221618022,0.3552504755417803,0.44078808810730824,0.5338090404261201,0.6311607071489397,0.72863478346935,0.8208696691004616,0.9013451813022006,0.9625148335859866,0.996123394346487,0.993752879918328,0.9476250537236278,0.8516595377085704,0.7027415060783531,0.5020917511680209,0.2565588656341259,-0.020421753407326007,-0.3085177135411085,-0.5811761784527981,-0.8075816909683364],[-0.8378600063524952,-0.6237133581719855,-0.3587659140786016,-0.07366749923729116,0.20469205289038916,0.4552960419777703,0.6638331389176187,0.8225227015434264,0.9292600552529514,0.986394194641133,0.9993955958749875,0.9756000636460462,0.9231428272086348,0.8501358490857621,0.7640952345853791,0.6715953139011883,0.5781094596034345,0.48799185490554836,0.40455586611234584,0.3302103788713537,0.2666230559346593,0.21488729403282325,0.17567667026726227,0.14937635972816257,0.13618523533181606,0.13618523533181606,0.14937635972816246,0.17567667026726208,0.21488729403282314,0.2666230559346591,0.3302103788713533,0.40455586611234534,0.4879918549055481,0.5781094596034342,0.6715953139011881,0.7640952345853786,0.8501358490857617,0.9231428272086346,0.975600063646046,0.9993955958749875,0.9863941946411331,0.9292600552529517,0.8225227015434267,0.6638331389176187,0.4552960419777715,0.20469205289039089,-0.07366749923729071,-0.35876591407860076,-0.6237133581719855,-0.8378600063524952],[-0.8723506035029173,-0.6743789582704984,-0.4201261743885523,-0.13991264756078176,0.1390580781977526,0.3949981063453205,0.6125586576434225,0.7828254217987536,0.9025975738661575,0.9732576904094208,0.999492219093747,0.9880547659260914,0.9466947114692016,0.8833125727034399,0.8053564620909033,0.7194421119640444,0.6311607071489396,0.5450313355181694,0.464554999285714,0.39233186493250266,0.33021037887135346,0.2794443221618023,0.24084073086202623,0.21488729403282292,0.20185216660433553,0.20185216660433553,0.2148872940328228,0.24084073086202604,0.2794443221618022,0.3302103788713533,0.39233186493250227,0.46455499928571353,0.5450313355181692,0.6311607071489393,0.7194421119640442,0.8053564620909027,0.8833125727034395,0.9466947114692015,0.9880547659260913,0.9994922190937471,0.973257690409421,0.902597573866158,0.7828254217987539,0.6125586576434225,0.39499810634532173,0.13905807819775437,-0.1399126475607813,-0.4201261743885515,-0.6743789582704984,-0.8723506035029173],[-0.9086154137753326,-0.7312072121081099,-0.49127331008549113,-0.21856129315068845,0.059508329088363614,0.32035016444156345,0.547460815600078,0.7306182356534977,0.8653253988391156,0.9517974583771642,0.9937528799183278,0.9972072944713934,0.9694018173762344,0.9179370306103473,0.8501358490857619,0.7726249150771691,0.6911039876562532,0.6102635020025767,0.5338090404261202,0.464554999285714,0.4045558661123455,0.3552504755417804,0.31760123441817095,0.29221595150639323,0.2794443221618023,0.2794443221618023,0.2922159515063932,0.3176012344181708,0.3552504755417803,0.40455586611234534,0.46455499928571353,0.5338090404261198,0.6102635020025764,0.691103987656253,0.7726249150771689,0.8501358490857615,0.9179370306103469,0.9694018173762343,0.9972072944713934,0.993752879918328,0.9517974583771646,0.8653253988391163,0.7306182356534979,0.547460815600078,0.3203501644415647,0.05950832908836538,-0.218561293150688,-0.49127331008549036,-0.7312072121081099,-0.9086154137753326],[-0.943570479770399,-0.7915763992989107,-0.5702790321378928,-0.3085177135411085,-0.03374454583616922,0.23070741539766962,0.46712151143766883,0.6638331389176187,0.814869936038363,0.9190838489795687,0.9790344370642666,0.9998281122565049,0.9880547659260914,0.9509038115332236,0.8954930196721775,0.8284082420430585,0.7554298300784268,0.6814101692324122,0.6102635020025768,0.5450313355181695,0.4879918549055483,0.44078808810730835,0.40455586611234545,0.3800381749840687,0.3676769799594493,0.3676769799594493,0.38003817498406867,0.40455586611234534,0.44078808810730824,0.4879918549055481,0.5450313355181692,0.6102635020025764,0.6814101692324119,0.7554298300784267,0.8284082420430583,0.8954930196721772,0.9509038115332232,0.9880547659260913,0.9998281122565049,0.9790344370642668,0.9190838489795692,0.8148699360383638,0.6638331389176191,0.46712151143766883,0.23070741539767092,-0.03374454583616744,-0.30851771354110813,-0.5702790321378921,-0.7915763992989107,-0.943570479770399],[-0.9734555742968075,-0.8521115180260022,-0.6544596467667666,-0.40799471625006273,-0.13991264756078262,0.12584782827798607,0.37037270602247907,0.5804736670038287,0.7485565854467209,0.8719283716365093,0.9517974583771642,0.9921772459465082,0.9988435405564613,0.9784395148488492,0.9377728129727168,0.88331257270344,0.8208696691004619,0.7554298300784268,0.6911039876562534,0.6311607071489397,0.5781094596034343,0.5338090404261202,0.4995812988517276,0.476315730384859,0.464554999285714,0.464554999285714,0.47631573038485897,0.49958129885172753,0.5338090404261201,0.5781094596034342,0.6311607071489393,0.691103987656253,0.7554298300784267,0.8208696691004617,0.8833125727034398,0.9377728129727165,0.978439514848849,0.9988435405564613,0.9921772459465084,0.9517974583771646,0.8719283716365099,0.7485565854467214,0.5804736670038291,0.37037270602247907,0.1258478282779874,-0.13991264756078087,-0.4079947162500623,-0.6544596467667659,-0.8521115180260022,-0.9734555742968075],[-0.9938488238425842,-0.9086154137753326,-0.74023361923419,-0.5143131804821183,-0.257392890000334,0.006232346687200637,0.25655886563412506,0.47886400746149316,0.6638331389176184,0.8070724275555293,0.9082546549359213,0.9701097374537676,0.9974197145379103,0.9961233943464871,0.9725873194401764,0.9330615993111461,0.88331257270344,0.8284082420430585,0.7726249150771692,0.7194421119640444,0.6715953139011881,0.6311607071489398,0.5996513675578513,0.5781094596034344,0.567183512520227,0.567183512520227,0.5781094596034343,0.5996513675578512,0.6311607071489397,0.6715953139011881,0.7194421119640442,0.7726249150771689,0.8284082420430583,0.8833125727034398,0.9330615993111461,0.9725873194401762,0.9961233943464871,0.9974197145379103,0.9701097374537678,0.9082546549359218,0.8070724275555301,0.6638331389176191,0.47886400746149355,0.25655886563412506,0.0062323466872019695,-0.2573928900003323,-0.5143131804821179,-0.7402336192341894,-0.9086154137753326,-0.9938488238425842],[-0.999751256094139,-0.9560541787902591,-0.8230132145661346,-0.6237133581719848,-0.3835165549755154,-0.12670392605057879,0.12584782827798652,0.35796022696710983,0.558564967264178,0.7214535919486378,0.8445990768026024,0.9292600552529516,0.9790344370642666,0.9989787890338088,0.9948625557189464,0.9725873194401763,0.9377728129727165,0.8954930196721773,0.8501358490857618,0.805356462090903,0.7640952345853786,0.7286347834693501,0.7006750472879258,0.6814101692324119,0.6715953139011877,0.6715953139011877,0.6814101692324118,0.7006750472879258,0.72863478346935,0.7640952345853786,0.8053564620909027,0.8501358490857615,0.8954930196721772,0.9377728129727165,0.9725873194401762,0.9948625557189464,0.9989787890338088,0.9790344370642667,0.9292600552529517,0.8445990768026028,0.7214535919486383,0.5585649672641791,0.3579602269671102,0.12584782827798652,-0.12670392605057745,-0.38351655497551373,-0.6237133581719845,-0.8230132145661342,-0.9560541787902591,-0.999751256094139],[-0.985768509761945,-0.9886277265691539,-0.8971616927809252,-0.7312072121081097,-0.5143131804821187,-0.27024837375778,-0.020421753407326007,0.2177190705468069,0.43140459921002,0.6125586576434225,0.7573271051981608,0.8653253988391159,0.9387760437973978,0.9816622046567451,0.9989787890338088,0.9961233943464871,0.9784395148488491,0.9509038115332233,0.9179370306103471,0.8833125727034398,0.8501358490857618,0.8208696691004616,0.7973845835898027,0.7810173564514484,0.7726249150771688,0.7726249150771688,0.7810173564514483,0.7973845835898026,0.8208696691004616,0.8501358490857617,0.8833125727034395,0.9179370306103469,0.9509038115332232,0.978439514848849,0.9961233943464871,0.9989787890338088,0.9816622046567454,0.9387760437973979,0.8653253988391161,0.7573271051981614,0.6125586576434232,0.4314045992100212,0.2177190705468073,-0.020421753407326007,-0.2702483737577787,-0.5143131804821172,-0.7312072121081094,-0.8971616927809247,-0.9886277265691539,-0.985768509761945],[-0.9464163569770189,-0.9999597059551182,-0.9560541787902593,-0.8305103710306987,-0.6443247265746084,-0.42012617438855193,-0.17938033601132583,0.05950832908836405,0.28222803674360153,0.47886400746149355,0.6436645011201374,0.7744630452777863,0.8719283716365094,0.9387760437973975,0.9790344370642666,0.9974197145379103,0.9988435405564613,0.9880547659260914,0.9694018173762344,0.9466947114692016,0.9231428272086347,0.9013451813022008,0.8833125727034398,0.8705045526270507,0.8638680291190162,0.8638680291190162,0.8705045526270506,0.8833125727034398,0.9013451813022006,0.9231428272086346,0.9466947114692015,0.9694018173762343,0.9880547659260913,0.9988435405564613,0.9974197145379103,0.9790344370642667,0.9387760437973979,0.8719283716365096,0.7744630452777865,0.6436645011201384,0.4788640074614943,0.2822280367436028,0.059508329088364495,-0.17938033601132583,-0.4201261743885507,-0.644324726574607,-0.8305103710306987,-0.9560541787902591,-0.9999597059551182,-0.94641635